Region: North_America -> Europe

==================== Best Model ====================
              precision    recall  f1-score   support

           2       0.59      0.75      0.66       649
           3       0.83      0.01      0.03       380
           5       0.78      0.88      0.83      1611
           6       1.00      0.02      0.03       170
           7       0.00      0.00      0.00        49
          11       0.00      0.00      0.00         6
          12       0.59      0.43      0.50       103
          13       0.00      0.00      0.00         1
          14       0.00      0.00      0.00         5
          15       0.44      0.73      0.55       175
          17       0.17      0.30      0.21        10
          18       0.25      0.71      0.37        70

    accuracy                           0.66      3229
   macro avg       0.39      0.32      0.26      3229
weighted avg       0.71      0.66      0.60      3229

==================== LPJ Cmax ====================
              precision    recall  f1-score   support

           1       0.00      0.00      0.00         0
           2       0.90      0.60      0.72       649
           3       0.00      0.00      0.00       380
           5       0.79      1.00      0.88      1611
           6       0.00      0.00      0.00       170
           7       0.02      0.16      0.03        49
          11       0.00      0.00      0.00         6
          12       0.00      0.00      0.00       103
          13       0.00      0.00      0.00         1
          14       0.00      0.00      0.00         5
          15       0.00      0.00      0.00       175
          17       0.00      0.00      0.00        10
          18       0.00      0.00      0.00        70

    accuracy                           0.62      3229
   macro avg       0.13      0.14      0.13      3229
weighted avg       0.58      0.62      0.59      3229

==================== LPJ LAI ====================
              precision    recall  f1-score   support

           1       0.00      0.00      0.00         0
           2       0.95      0.30      0.45       649
           3       0.00      0.00      0.00       380
           5       0.80      1.00      0.89      1611
           6       0.00      0.00      0.00       170
           7       0.07      0.55      0.12        49
          11       0.02      0.67      0.04         6
          12       0.00      0.00      0.00       103
          13       0.00      0.00      0.00         1
          14       0.00      0.00      0.00         5
          15       0.00      0.00      0.00       175
          17       0.00      0.00      0.00        10
          18       0.00      0.00      0.00        70

    accuracy                           0.57      3229
   macro avg       0.14      0.19      0.12      3229
weighted avg       0.59      0.57      0.54      3229