====================== Binary ====================
T_mean
                precision    recall  f1-score   support

    rainforest       0.85      0.82      0.83      1388
non_rainforest       0.97      0.98      0.97      8776

      accuracy                           0.96     10164
     macro avg       0.91      0.90      0.90     10164
  weighted avg       0.95      0.96      0.96     10164

------------------------------------------------------------
T_mean, T_max, T_min
                precision    recall  f1-score   support

    rainforest       0.83      0.83      0.83      1388
non_rainforest       0.97      0.97      0.97      8776

      accuracy                           0.95     10164
     macro avg       0.90      0.90      0.90     10164
  weighted avg       0.95      0.95      0.95     10164

====================== Multiclass ====================
T_mean
              precision    recall  f1-score   support

           2       0.78      0.92      0.85       649
           3       0.69      0.02      0.05       380
           5       0.78      0.84      0.81      1611
           6       0.93      0.16      0.27       170
           7       0.00      0.00      0.00        49
          11       0.00      0.00      0.00         6
          12       0.35      0.89      0.51       103
          13       0.00      0.00      0.00         1
          14       0.00      0.00      0.00         5
          15       0.16      0.31      0.21       175
          17       0.25      0.10      0.14        10
          18       0.41      0.51      0.46        70

    accuracy                           0.67      3229
   macro avg       0.36      0.31      0.27      3229
weighted avg       0.71      0.67      0.63      3229

------------------------------------------------------------
T_mean, T_max, T_min
              precision    recall  f1-score   support

           2       0.80      0.92      0.85       649
           3       0.76      0.08      0.15       380
           5       0.80      0.89      0.84      1611
           6       0.87      0.15      0.26       170
           7       0.00      0.00      0.00        49
          11       0.00      0.00      0.00         6
          12       0.34      0.98      0.50       103
          13       0.00      0.00      0.00         1
          14       0.00      0.00      0.00         5
          15       0.16      0.23      0.19       175
          17       0.00      0.00      0.00        10
          18       0.38      0.43      0.40        70

    accuracy                           0.70      3229
   macro avg       0.34      0.31      0.27      3229
weighted avg       0.72      0.70      0.66      3229

